581
612
638
661
662
666
670
678
675
672
683
700
719
733
767
801
808
795
792
811
850
887
922
943
947
947
950
961
981
993
1012
1015
1019
1015
1048
1076
1110
1119
1121
1112
1132
1158
1189
1188
1191
1216
1248
1306
1349
1409
1443
1470
1467
1438
1409
1400
1429
1459
1475
1485
1494
1519
1539
1566
1605
1643
1674
1678
1698
1718
1742
1751
1769
1779
1795
1797
1799
1808
1822
1844
1853
1870
1858
1865
1866
1906
1930
1952
1959
1967
1997
2027
2061
2097
2133
2163
2172
2184
2200
2213
2238
2265
2292
2305
2309
2318
2347
2386
2420
2438
2465
2499
2550
2583
2610
2616
2626
2641
2662
2684
2707
2725
2737
2751
2746
2772
2805
2856
2876
2886
2896
2907
2927
2946
2965
2976
2969
2958
2941
2957
2982
3021
3045
3045
3031
3002
2991
2986
2997
3044
3084
3136
3155
3187
3214
3242
3262
3292
3322
3349
3360
3370
3392
3422
3449
3462
3466
3475
3482
3486
3467
3442
3421
3418
3415
3415
3417
3424
3426
3430
3439
3452
3469
3485
3499
3523
3548
3576
3581
3587
3581
3601
3618
3642
3653
3675
3698
3719
3720
3717
3722
3776
3843
3899
3915
3921
3931
3943
3967
4009
4078
4139
4177
4192
4205
4220
4229
4237
4260
4287
4313
4332
4345
4379
4401
4453
4487
4521
4528
4535
4542
4550
4555
4605
4651
4680
4681
4698
4717
4719
4709
4714
4726
4744
4762
4777
4793
4833
4881
4916
4936
4949
4967
4980
4986
4989
4970
4957
4952
4980
5024
5062
5094
5106
5119
5130
5141
5152
5164
5192
5219
5246
5262
5285
5300
5310
5314
5321
5332
5342
5350
5347
5359
5380
5424
5459
5485
5495
5495
5495
5495
5482
5471
5467
5489
5508
5520
5519
5520
5509
5487
5464
5454
5463
5491
5534
5571
5590
5600
5614
5631
5648
5669
5686
5698
5707
5726
5743
5746
5735
5722
5720
5727
5740
5750
5775
5799
5830
5843
5853
5875
5898
5921
5940
5956
5955
5945
5936
5947
5952
5961
5970
5979
5983
5991
6002
6010
6011
6012
6022
6033
6045
6054
6072
6095
6115
6130
6146
6145
6137
6127
6141
6159
6170
6178
6188
6196
6196
6196
6200
6207
6210
6213
6216
6220
6230
6237
6246
6254
6265
6279
6279
6279
6273
6276
6298
6320
6337
6335
6334
6338
6359
6384
6409
6417
6426
6437
6462
6484
6505
6513
6522
6533
6539
6543
6559
6572
6603
6632
6674
6694
6715
6739
6765
6777
6783
6792
6797
6802
6792
6814
6838
6872
6878
6884
6894
6886
6873
6876
6901
6954
6971
6987
6981
6993
7019
7041
7064
7074
7082
7089
7103
7119
7135
7140
7151
7167
7183
7192
7197
7207
7217
7224
7229
7248
7285
7332
7346
7357
7356
7381
7396
7434
7467
7497
7503
7508
7511
7514
7515
7518
7522
7527
7539
7568
7597
7628
7639
7663
7683
7705
7713
7716
7731
7753
7770
7782
7787
7799
7804
7813
7823
7827
7838
7855
7884
7877
7863
7846
7866
7884
7904
7896
7890
7884
7894
7902
7901
7922
7944
7986
8009
8032
8032
8029
8023
8027
8022
8036
8050
8079
8098
8130
8162
8197
8217
8232
8237
8241
8245
8251
8261
8270
8285
8298
8314
8312
8309
8307
8308
8306
8298
8297
8302
8320
8338
8366
8383
8400
8407
8420
8433
8433
8431
8447
8477
8516
8540
8565
8577
8589
8602
8615
8629
8641
8643
8648
8651
8690
8717
8742
8741
8770
8812
8854
8872
8884
8896
8910
8921
8945
8969
8984
8986
8993
9011
9037
9055
9069
9076
9084
9091
9094
9096
9101
9104
9120
9131
9160
9176
9188
9196
9191
9192
9194
9206
9216
9218
9223
9233
9243
9264
9281
9297
9305
9314
9325
9362
9398
9431
9435
9425
9419
9449
9498
9546
9563
9574
9584
9585
9586
9564
9559
9559
9580
9597
9602
9599
9592
9593
9629
9666
9715
9749
9780
9820
9848
9874
9887
9903
9919
9927
9928
9919
9915
9916
9950
9980
10025
10044
10079
10109
10151
10175
10186
10187
10183
10181
10182
10188
10194
10194
10195
10196
10201
10210
10240
10270
10296
10292
10307
10343
10392
10423
10430
10433
10436
10443
10452
10467
10497
10529
10548
10550
10549
10567
10587
10590
10579
10560
10560
10568
10582
10601
10610
10631
10644
10666
10701
10742
10784
10844
10901
10985
11022
11064
11069
11078
11086
11097
11108
11104
11078
11043
11016
11011
11016
11021
11029
11038
11049
11057
11061
11081
11102
11132
11124
11127
11130
11154
11176
11203
11231
11290
11340
11389
11399
11406
11425
11439
11454
11456
11458
11459
11463
11466
11503
11541
11596
11619
11638
11649
11649
11630
11605
11597
11608
11622
11629
11637
11649
11660
11672
11677
11676
11671
11669
11674
11681
11680
11673
11676
11669
11672
11669
11681
11688
11713
11738
11759
11758
11758
11775
11801
11827
11842
11855
11871
11880
11883
11902
11927
11953
11977
12000
12022
12026
12030
12033
12062
12089
12118
12123
12136
12149
12160
12162
12163
12173
12200
12233
12258
12298
12333
12370
12378
12390
12399
12412
12419
12429
12424
12435
12452
12481
12489
12497
12507
12522
12520
12540
12586
12637
12663
12657
12670
12668
12674
12658
12661
12680
12711
12738
12740
12738
12730
12732
12736
12748
12757
12762
12766
12773
12778
12801
12828
12858
12877
12892
12920
12943
12963
12976
12988
13017
13040
13062
13078
13093
13107
13110
13113
13119
13115
13111
13137
13175
13213
13238
13261
13286
13306
13323
13342
13352
13365
13379
13384
13414
13440
13470
13477
13486
13480
13473
13466
13473
13479
13485
13492
13507
13520
13532
13545
13565
13588
13627
13658
13687
13691
13726
13765
13819
13839
13854
13854
13857
13863
13869
13878
13898
13941
13983
14013
14021
14030
14043
14055
14072
14087
14105
14118
14127
14133
14141
14149
14158
14162
14166
14185
14211
14246
14265
14280
14287
14302
14322
14374
14424
14469
14481
14487
14497
14510
14526
14541
14553
14560
14568
14585
14604
14617
14621
14626
14631
14646
14664
14682
14715
14769
14824
14855
14865
14882
14898
14918
14927
14937
14922
14930
14928
14945
14945
14954
14961
14969
14968
14968
14972
14987
15031
15068
15083
15069
15057
15066
15095
15118
15142
15171
15198
15223
15228
15240
15255
15265
15275
15284
15293
15302
15309
15300
15289
15288
15280
15274
15262
15273
15281
15285
15290
15297
15302
15311
15310
15315
15319
15331
15346
15361
15378
15389
15400
15401
15388
15370
15361
15369
15365
15357
15345
15345
15348
15348
15352
15362
15378
15388
15395
15399
15436
15479
15527
15545
15584
15622
15657
15662
15669
15680
15691
15692
15689
15687
15692
15695
15697
15699
15706
15716
15727
15753
15774
15792
15798
15814
15832
15852
15871
15889
15904
15913
15915
15930
15954
15995
16039
16073
16103
16120
16143
16159
16170
16195
16223
16256
16271
16294
16311
16328
16333
16336
16341
16344
16352
16364
16378
16398
16406
16412
16407
16413
16429
16448
16466
16465
16464
16479
16520
16567
16589
16596
16600
16609
16614
16615
16636
16654
16673
16671
16679
16686
16692
16698
16705
16716
16726
16736
16745
16744
16742
16731
16743
16755
16774
16786
16804
16833
16854
16877
16893
16910
16923
16933
16946
16978
17008
17043
17050
17067
17083
17112
17132
17150
17160
17177
17196
17216
17230
17238
17243
17247
17276
17312
17341
17341
17344
17348
17355
17359
17373
17407
17420
17428
17445
17485
17529
17541
17546
17550
17558
17563
17565
17569
17576
17580
17603
17635
17704
17750
17792
17812
17837
17861
17874
17876
17876
17889
17916
17942
17967
17984
18001
18005
18009
18013
18021
18041
18078
18112
18136
18142
18130
18125
18134
18160
18179
18184
18171
18160
18149
18157
18165
18173
18185
18218
18262
18302
18317
18323
18344
18380
18419
18479
18517
18552
18550
18570
18589
18608
18637
18663
18691
18699
18709
18718
18742
18742
18745
18716
18711
18706
18714
18724
18730
18732
18741
18763
18789
18806
18807
18800
18795
18793
18799
18804
18809
18815
18820
18822
18822
18823
18835
18858
18880
18908
18925
18936
18942
18959
18990
19031
19061
19091
19113
19145
19170
19184
19190
19196
19203
19221
19212
19205
19196
19213
19227
19242
19257
19272
19279
19299
19304
19303
19287
19289
19300
19317
19336
19349
19359
19376
19398
19424
19436
19464
19489
19522
19533
19522
19499
19474
19472
19476
19482
19505
19536
19572
19609
19636
19658
19659
19669
19689
19707
19728
19737
19749
19755
19759
19762
19761
19766
19778
19804
19832
19862
19889
19915
19932
19964
20020
20104
20163
20195
20197
20198
20199
20229
20259
20290
20315
20336
20370
20395
20436
20463
20489
20536
20583
20622
20615
20617
20619
20634
20644
20651
20660
20671
20716
20760
20814
20836
20859
20868
20877
20885
20891
20895
20896
20897
20900
20906
20913
20941
20982
21029
21053
21058
21071
21100
21131
21152
21153
21130
21105
21093
21110
21124
21129
21140
21167
21189
21205
21207
21216
21223
21228
21236
21251
21263
21275
21298
21318
21334
21337
21346
21351
21392
21433
21484
21500
21518
21538
21562
21589
21609
21621
21628
21637
21640
21653
21659
21671
21705
21751
21797
21809
21812
21805
21826
21850
21901
21942
21980
22000
22010
22009
22004
22007
22027
22050
22071
22086
22098
22093
22096
22129
22159
22187
22188
22203
22225
22244
22258
22260
22268
22283
22287
22284
22270
22269
22273
22281
22302
22323
22341
22339
22340
22343
22352
22360
22384
22407
22429
22436
22472
22506
22542
22552
22566
22598
22630
22654
22638
22618
22602
22626
22654
22679
22698
22707
22721
22728
22737
22745
22746
22759
22756
22743
22743
22758
22786
22793
22800
22803
22832
22861
22895
22903
22931
22961
22997
23025
23047
23063
23064
23071
23079
23090
23097
23105
23109
23112
23115
23131
23146
23168
23203
23235
23256
23255
23256
23253
23252
23254
23260
23264
23234
23222
23218
23254
23274
23292
23305
23319
23330
23361
23407
23452
23490
23502
23525
23533
23548
23551
23562
23571
23581
23581
23584
23586
23588
23593
23619
23633
23666
23688
23723
23739
23744
23752
23775
23807
23823
23829
23816
23815
23804
23823
23851
23876
23882
23898
23925
23969
23997
24027
24016
24002
23983
23991
24014
24047
24111
24168
24224
24249
24273
24297
24321
24339
24353
24379
24402
24420
24419
24422
24432
24447
24465
24483
24491
24499
24500
24526
24547
24567
24571
24571
24571
24577
24585
24595
24598
24610
24632
24656
24673
24678
24685
24695
24700
24703
24701
24704
24705
24708
24729
24782
24825
24858
24842
24830
24824
24838
24858
24874
24887
24922
24958
24994
25014
25024
25034
25039
25073
25115
25156
25167
25174
25205
25237
25265
25270
25274
25280
25277
25283
25294
25308
25323
25343
25371
25390
25410
25427
25443
25447
25447
25442
25436
25421
25417
25416
25432
25442
25460
25494
25529
25559
25591
25625
25653
25664
25669
25672
25659
25647
25637
25638
25642
25649
25648
25647
25643
25650
25658
25675
25687
25702
25709
25716
25728
25739
25754
25756
25745
25732
25732
25751
25778
25796
25822
25840
25852
25853
25849
25850
25848
25852
25865
25901
25922
25937
25950
25977
26017
26038
26060
26054
26060
26071
26124
26175
26204
26190
26164
26183
26223
26263
26271
26271
26247
26243
26239
26261
26258
26255
26250
26260
26289
26321
26351
26362
26394
26434
26490
26532
26562
26576
26586
26586
26592
26615
26645
26669
26674
26681
26692
26700
26708
26714
26710
26721
26733
26771
26771
26780
26779
26806
26821
26829
26838
26836
26834
26832
26844
26862
26871
26895
26914
26955
26978
27016
27035
27054
27055
27056
27062
27082
27103
27120
27125
27127
27135
27143
27153
27158
27163
27166
27167
27168
27179
27190
27208
27211
27216
27214
27228
27240
27261
27282
27312
27340
27361
27390
27412
27435
27427
27419
27408
27412
27423
27431
27443
27450
27461
27483
27504
27524
27525
27526
27520
27514
27517
27521
27529
27525
27554
27602
27655
27691
27720
27746
27776
27807
27836
27866
27883
27902
27920
27941
27962
27965
27969
27973
27992
28003
28012
28020
28049
28099
28162
28208
28238
28232
28225
28205
28198
28202
28216
28246
28285
28325
28384
28464
28550
28617
28645
28678
28697
28716
28744
28772
28803
28815
28816
28814
28820
28841
28862
28877
28898
28909
28918
28916
28923
28919
28915
28910
28927
28941
28946
28938
28932
28935
28924
28914
28904
28909
28913
28917
28891
28856
28823
28837
28879
28926
28955
28966
28947
28935
28923
28955
28976
28996
28995
29002
29011
29028
29041
29080
29123
29174
29198
29224
29234
