100101011101
101010001010
100111000000
101110111100
111110100001
101011001111
101000101010
110111010001
101111001001
100000000100
100110001110
101011101110
111100101101
111010110001
101000101000
101001011101
101001001101
100100100001
101111000100
101111101000
101010110000
110100010001
101110101100
101000011011
101110101011
110100001100
100111000001
111010110010
111110100111
100110001100
110001011100
101111001111
110011011101
111001100110
110110011001
111011000000
111110101110
101011010101
100101110101
110001010010
101111001101
101110011010
101110000010
100000111111
100010111011
101111000101
100011010010
100001011101
111100010010
111011011110
100011001000
110110010001
111110001001
100111000011
111011110100
101000000010
101010110101
110110000011
111101000110
111100110110
111000011101
101011011000
101000101110
110101010001
110010001110
110110000101
110111111001
110001000101
111011100100
101010001011
101100010001
110100000100
101010010100
111101000101
101000101101
111101110010
110010000111
110101101000
111110011001
110011111011
100110100011
110001101000
110000001000
110000001110
101100111101
101000000011
110011001010
110100110000
100101001010
111000111011
100011001010
111111111110
111100000011
111011000010
111110000110
101100101101
100010101111
110001010011
110101001100
111111011100
111001100101
101100101001
101100110011
110001110100
101000101111
110011111001
100001111001
101101010010
110001011010
110100100001
101110110000
110111001001
101000110001
101011101001
100001111011
101001010011
110000010010
110001011011
101100100001
101011000100
110000011001
100100010000
100001110111
100001100111
100101101011
100101010110
101011010001
101101101100
100010110000
111110000011
110101001111
110010101010
111001111101
110101110101
111010110111
111110011110
110001001101
101110100010
110010010101
101001001100
101111100011
110001100101
110010001100
110011010011
101101101101
111100100001
110110101000
100011111110
100101110110
100111100111
110011101111
111001010011
101000111110
110110110110
101011100110
100111010101
100111001001
100000010011
110010100010
101101000001
111000001010
101110011111
110101001000
110110101101
110000000001
100011100001
100000010110
100111111001
110001110101
101110110110
101011110101
110100110010
110001111111
111100010110
110011100011
110000000111
110011011011
111111001110
111110111001
110001110110
110001001010
111111000001
110010000110
111010011111
100100100100
100001010000
110101110111
100111101100
100011110110
110110111100
110110001101
111100001011
111101101010
111001111100
101010100110
100001000101
100110011101
101101000100
100000011011
100010011011
111100101110
100100000111
100101110001
100000011101
101001101010
100011110000
101010100000
111000101100
111000101110
101000100001
100110000100
111001101011
101110010011
111000111001
110010011011
110011010100
100010110110
110000011011
111100100100
101001111011
110100010011
101110100100
101000001111
111100000100
100100101011
110010111111
111011110001
110110010101
111100010000
110101011010
100010010011
101111111001
110000111011
101000100111
111111101100
110001100111
101110010110
100110000111
100001110100
101111011011
110110000010
111000001101
110100010010
100011010011
110000111110
110100000000
101110000001
101000000101
111010000101
100110100001
110101011101
100011000101
100111000110
111110010110
111010011000
111101100101
101011100000
101100100011
100010101101
111000000010
111110111101
101101110011
100010110111
101010001000
110000110101
101101111001
101100001011
101110110010
101001111001
111100001000
101010100010
110100011101
110000010000
110010111011
100001111100
110100000010
111011001110
100101000100
111011010010
100000111010
100010101001
100111110001
110101110000
100000111000
111101010001
110111001000
110110110111
110111101100
100001111101
110101101111
100010001010
111000110100
110001110111
100100011100
100000100110
101001110100
100111001011
111000000011
110110110000
110011010110
101101001010
100011011101
111100100101
111011110010
111101000100
101111110000
101000100110
100100100000
101000100100
111100011001
101010010001
101100011101
110001100001
110100001111
110110101111
110011010111
100111001110
101101000010
111011010110
110110100011
100111010111
100010100001
111010101011
100001000010
100011011010
110100011100
101011011100
111110001011
101011010010
111010101101
110011100110
100000010101
111111100111
101000110101
110011001101
100010011111
111000011011
101010000000
111100110010
101011001011
110000110100
100010000000
100111111111
101011100010
111101010100
100011111101
100100101110
111111000000
111011110111
110110000100
101100111110
110100011010
111000110101
110000010111
100011111011
111111000101
110011101110
100000000000
111001010010
111111111000
111000010000
100011011100
111001111000
101001011010
111111110101
100110101110
100100010001
100000101100
110001000011
111111011011
101010001001
110111110011
101001100100
110101110100
111110011111
111011111011
111011111010
101010000001
111001011111
100011110001
110110000110
110101100011
100101111110
101111001011
100110101111
111001000011
101101111000
111110000001
111010001100
101001101001
101001100101
101101001101
111110111011
100101101000
101110011011
101110011110
110001000100
110101010100
110100011000
111000011100
100111110100
100110100101
100111011010
111010010100
110101000011
100001111111
111001001011
110001001111
110110000000
110100101010
100001100001
101000011101
111100000111
101000001001
101110010000
100110011110
101011100100
101100110100
111001101110
101000010011
111110101001
110101100001
100111010100
100101111100
111010101110
111111001100
100100111111
110111111000
101111101010
100001000110
110100001010
101011000111
110100000111
101000111000
111101110001
111101000000
111000010111
111101101000
101001011001
111101111000
101110001010
101101110111
100000011100
100001100010
100011011111
100011111100
110110011100
111111101000
100101110000
100010100011
100000010000
100000100010
111111111111
111101100110
101111100101
101011101000
100011011011
100100000010
110100110110
100011001101
101010100101
111110011000
101110111111
111011101010
101101110010
111111001010
111101110011
100111011110
101110001001
100000000111
111000011001
101101101111
101110010111
111010011001
110110010011
110111011101
111110111000
110110101010
100011000111
101010111010
101101111110
100110101101
101111101101
111101100000
101010001101
111110001010
111101010111
101010100001
110111110000
111111101001
100101111101
101101000110
110001011111
111111111101
111010001001
101110110011
111001010001
110011100100
111001000110
101101100001
101100010010
101000010000
100101010010
101000010110
111001100100
111001110010
100000010100
100100001101
101010010101
110101011111
101011011111
110000100111
100110001001
111011100101
100001001001
101110000000
100001001110
111101100111
111011111100
