011001111011
010010000011
011001111001
011101011010
010100010100
011011000101
010101100100
011101100110
010000100000
011100110010
011011110110
010110000011
011000110000
010001111010
011100101100
010010000110
010100001011
011000100010
011001101001
011000110101
010000100110
010001011101
010100011100
010100000000
010011111111
010110101110
010110001101
011011111001
011000010001
010111011111
011110100000
011101110101
010100001111
010110010000
011111010001
010111011001
011000100000
011100010001
010000010110
010010110111
011100111100
011101000010
010101111101
011011110111
011110110111
011011101001
011010000010
010001011110
010000111010
011010111000
010010011111
010100111101
010110111100
011101101011
010010100100
011111000101
010001110001
011011110010
011000011110
010110100100
011100000101
011101010011
011001101100
010111100001
010010100110
010001101100
010111100111
010001101010
011010011111
010001100000
010011100111
010001111101
011111101100
010110011110
011111000010
010111110100
010100100110
010000001010
011100111101
010101110011
011100010111
011101000111
010101100110
010010110011
011000000100
010100001000
010001101001
010010110010
011000101001
010110001110
010111011010
011001011011
010011001001
011011000011
011101100001
011110000011
011100100000
010111100101
010011100011
011000000111
010011101110
010000101101
011110011011
010000001101
010100011111
011110001101
010111100100
011101000011
011100010100
010101000010
010110100001
010011001100
011100100100
011001000111
011101011101
011001111110
011101110001
011100010110
010101111100
011010111101
010111001010
010110101010
011110110001
011100000100
010110011101
011111110111
011000011000
011111100100
010010011001
010100100100
010111111100
011111111110
010001101000
010011010111
010000100010
011000010011
010000110110
010111011100
011111011010
010100110010
011111110011
011101111011
011110010111
011101100111
010011111010
011000100100
010001110100
011100101011
011111100001
011001010011
011101111000
010100010111
011001100010
011101111010
011100101101
010010010100
011111011011
011110111010
010101011101
011110101111
010011001101
011100001001
011101000101
011110001010
011010101011
011100100110
010001110010
010011111100
011011010010
010101111110
011011010000
010100110011
010100111010
010100010010
010011111101
011011000000
011100001010
010001001111
010101011110
011101001000
010001000000
011100110101
011110101011
010111011000
010101001001
011110001110
011010100000
011101011100
011100011110
011111110101
010000111000
010011100100
010011000111
010110001010
011111101101
010111110110
010000011000
010011111001
010011001010
010000110100
010000110010
010110110110
010101000101
010000010011
010110110101
011010110001
010011101100
010000001011
010110000101
011110101010
011110000010
011111000000
010000000011
011101101110
011011011001
011100010011
011000001000
011010101111
011011111111
011010100110
011101110111
010101010110
011010000011
011001100100
011000111010
