010010000011
010100010100
010101100100
010000100000
010110000011
010001111010
010010000110
010100001011
010000100110
010001011101
010100011100
010100000000
010011111111
010110101110
010110001101
010111011111
010100001111
010110010000
010111011001
010000010110
010010110111
010101111101
010001011110
010000111010
010010011111
010100111101
010110111100
010010100100
010001110001
010110100100
010111100001
010010100110
010001101100
010111100111
010001101010
010001100000
010011100111
010001111101
010110011110
010111110100
010100100110
010000001010
010101110011
010101100110
010010110011
010100001000
010001101001
010010110010
010110001110
010111011010
010011001001
010111100101
010011100011
010011101110
010000101101
010000001101
010100011111
010111100100
010101000010
010110100001
010011001100
010101111100
010111001010
010110101010
010110011101
010010011001
010100100100
010111111100
010001101000
010011010111
010000100010
010000110110
010111011100
010100110010
010011111010
010001110100
010100010111
010010010100
010101011101
010011001101
010001110010
010011111100
010101111110
010100110011
010100111010
010100010010
010011111101
010001001111
010101011110
010001000000
010111011000
010101001001
010000111000
010011100100
010011000111
010110001010
010111110110
010000011000
010011111001
010011001010
010000110100
010000110010
010110110110
010101000101
010000010011
010110110101
010011101100
010000001011
010110000101
010000000011
010101010110
