101010001010
101011001111
101000101010
101011101110
101000101000
101001011101
101001001101
101010110000
101000011011
101011010101
101000000010
101010110101
101011011000
101000101110
101010001011
101010010100
101000101101
101000000011
101000101111
101000110001
101011101001
101001010011
101011000100
101011010001
101001001100
101000111110
101011100110
101011110101
101010100110
101001101010
101010100000
101000100001
101001111011
101000001111
101000100111
101000000101
101011100000
101010001000
101001111001
101010100010
101001110100
101000100110
101000100100
101010010001
101011011100
101011010010
101000110101
101010000000
101011001011
101011100010
101001011010
101010001001
101001100100
101010000001
101001101001
101001100101
101000011101
101000001001
101011100100
101000010011
101011000111
101000111000
101001011001
101011101000
101010100101
101010111010
101010001101
101010100001
101000010000
101000010110
101010010101
101011011111
